-1000|-3.364815|-6.161628|-8.969176|-11.786510|-14.612681|-17.446738|-20.287733|-23.134716|-25.986737|-28.842847|-31.702096|-34.563534|-37.426213|-40.289183|-43.151493|-46.012195|-48.870339|-51.724976|-54.575155|-57.419928|-60.258344|-63.089455|-65.912311|-68.725962|-71.529459|-74.321852|-77.102191|-79.869528|-82.622912|-85.361394|-88.084024|-90.789854|-93.477933|-96.147311|-98.797040|-101.426170|-104.033751|-106.618834|-109.180469|-111.717707|-114.229597|-116.715192|
-0.697031|-1000|-3.379791|-6.242981|-9.113197|-11.989489|-14.870907|-17.756501|-20.645323|-23.536423|-26.428851|-29.321657|-32.213893|-35.104608|-37.992853|-40.877679|-43.758136|-46.633274|-49.502144|-52.363796|-55.217281|-58.061649|-60.895952|-63.719238|-66.530559|-69.328965|-72.113507|-74.883234|-77.637199|-80.374450|-83.094039|-85.795015|-88.476430|-91.137334|-93.776777|-96.393810|-98.987483|-101.556846|-104.100951|-106.618847|-109.109586|-111.572217|-114.005791|
-3.567284|-1.367692|-1000|-3.393811|-6.319991|-9.249487|-12.181349|-15.114627|-18.048372|-20.981634|-23.913463|-26.842910|-29.769026|-32.690861|-35.607466|-38.517890|-41.421185|-44.316401|-47.202588|-50.078796|-52.944077|-55.797481|-58.638058|-61.464858|-64.276933|-67.073332|-69.853106|-72.615305|-75.358981|-78.083183|-80.786961|-83.469367|-86.129451|-88.766263|-91.378854|-93.966274|-96.527574|-99.061803|-101.568013|-104.045255|-106.492577|-108.909032|-111.293669|
-6.431835|-4.278600|-1.955607|-1000|-3.406893|-6.392677|-9.378066|-12.362111|-15.343862|-18.322369|-21.296683|-24.265855|-27.228935|-30.184974|-33.133021|-36.072127|-39.001344|-41.919720|-44.826308|-47.720156|-50.600317|-53.465839|-56.315774|-59.149172|-61.965083|-64.762559|-67.540649|-70.298403|-73.034874|-75.749110|-78.440162|-81.107081|-83.748917|-86.364721|-88.953543|-91.514434|-94.046443|-96.548622|-99.020022|-101.459691|-103.866682|-106.240044|-108.578827|
-9.290684|-7.182436|-4.905024|-2.465463|-1000|-3.419057|-6.461057|-9.498952|-12.531793|-15.558629|-18.578512|-21.590492|-24.593619|-27.586944|-30.569518|-33.540390|-36.498611|-39.443233|-42.373304|-45.287876|-48.185999|-51.066723|-53.929100|-56.772179|-59.595011|-62.396646|-65.176135|-67.932529|-70.664877|-73.372231|-76.053640|-78.708156|-81.334828|-83.932707|-86.500844|-89.038288|-91.544092|-94.017304|-96.456975|-98.862157|-101.231899|-103.565251|-105.861265|
-12.143832|-10.079198|-7.845997|-5.451241|-2.901944|-1000|-3.430323|-6.525151|-9.612165|-12.690414|-15.758949|-18.816820|-21.863079|-24.896774|-27.916957|-30.922678|-33.912988|-36.886937|-39.843576|-42.781955|-45.701124|-48.600134|-51.478036|-54.333879|-57.166715|-59.975594|-62.759566|-65.517682|-68.248992|-70.952546|-73.627396|-76.272592|-78.887183|-81.470221|-84.020756|-86.537838|-89.020518|-91.467847|-93.878875|-96.252651|-98.588228|-100.884655|-103.140982|
-14.991278|-12.968888|-10.778526|-8.427204|-5.921936|-3.269735|-1000|-3.440709|-6.584979|-9.717724|-12.837994|-15.944840|-19.037313|-22.114462|-25.175338|-28.218992|-31.244474|-34.250835|-37.237124|-40.202393|-43.145692|-46.066072|-48.962582|-51.834273|-54.680197|-57.499402|-60.290941|-63.053862|-65.787217|-68.490056|-71.161430|-73.800389|-76.405983|-78.977263|-81.513280|-84.013083|-86.475724|-88.900253|-91.285720|-93.631175|-95.935670|-98.198254|-100.417979|
-17.833023|-15.851505|-13.702610|-11.393352|-8.930742|-6.321794|-3.573522|-1000|-3.450234|-6.640558|-9.815648|-12.974552|-16.116322|-19.240009|-22.344662|-25.429332|-28.493069|-31.534925|-34.553949|-37.549191|-40.519704|-43.464536|-46.382738|-49.273361|-52.135455|-54.968071|-57.770259|-60.541070|-63.279553|-65.984760|-68.655742|-71.291547|-73.891228|-76.453834|-78.978415|-81.464024|-83.909708|-86.314520|-88.677510|-90.997728|-93.274224|-95.506050|-97.692255|
-20.669067|-18.727050|-16.618251|-14.349684|-11.928361|-9.361295|-6.655500|-3.817989|-1000|-3.458918|-6.691909|-9.905956|-13.100107|-16.273414|-19.424927|-22.553697|-25.658773|-28.739207|-31.794049|-34.822349|-37.823158|-40.795526|-43.738504|-46.651142|-49.532490|-52.381600|-55.197521|-57.979305|-60.726000|-63.436659|-66.110331|-68.746067|-71.342917|-73.899933|-76.416163|-78.890659|-81.322471|-83.710650|-86.054246|-88.352310|-90.603891|-92.808042|-94.963811|
-23.499408|-21.595521|-19.525447|-17.296200|-14.914792|-12.388238|-9.723549|-6.927740|-4.007822|-1000|-3.466779|-6.739051|-9.988667|-13.214678|-16.416135|-19.592088|-22.741587|-25.863682|-28.957425|-32.021866|-35.056055|-38.059043|-41.029880|-43.967616|-46.871302|-49.739989|-52.572727|-55.368567|-58.126558|-60.845752|-63.525198|-66.163948|-68.761052|-71.315559|-73.826522|-76.292990|-78.714013|-81.088642|-83.415928|-85.694921|-87.924671|-90.104229|-92.232646|
-26.324048|-24.456919|-22.424199|-20.232901|-17.890038|-15.402622|-12.777668|-10.022189|-7.143197|-4.147705|-1000|-3.473838|-6.782002|-10.063801|-13.318285|-16.544504|-19.741509|-22.908350|-26.044078|-29.147743|-32.218395|-35.255086|-38.256865|-41.222784|-44.151892|-47.043239|-49.895877|-52.708856|-55.481227|-58.212039|-60.900343|-63.545190|-66.145631|-68.700715|-71.209493|-73.671015|-76.084333|-78.448496|-80.762555|-83.025561|-85.236563|-87.394613|-89.498761|
-29.142987|-27.311245|-25.314507|-23.159786|-20.854096|-18.404449|-15.817858|-13.101337|-10.261899|-7.306557|-4.242324|-1000|-3.480113|-6.820783|-10.131377|-13.410946|-16.658540|-19.873210|-23.054006|-26.199979|-29.310179|-32.383656|-35.419461|-38.416645|-41.374258|-44.291349|-47.166971|-50.000173|-52.790006|-55.535520|-58.235766|-60.889794|-63.496655|-66.055398|-68.565075|-71.024736|-73.433432|-75.790212|-78.094128|-80.344230|-82.539568|-84.679193|-86.762155|
-31.956224|-30.158498|-28.196371|-26.076856|-23.806967|-21.393717|-18.844118|-16.165185|-13.363929|-10.447365|-7.422505|-4.296363|-1000|-3.485623|-6.855411|-10.191414|-13.492681|-16.758263|-19.987211|-23.178575|-26.331405|-29.444752|-32.517667|-35.549200|-38.538400|-41.484320|-44.386009|-47.242518|-50.052897|-52.816196|-55.531467|-58.197759|-60.814123|-63.379610|-65.893269|-68.354153|-70.761309|-73.113791|-75.410647|-77.650928|-79.833685|-81.957969|-84.022829|
-34.763760|-32.998678|-31.069790|-28.984110|-26.748652|-24.370427|-21.856449|-19.213731|-16.449287|-13.570130|-10.583272|-7.495727|-4.314507|-1000|-3.490387|-6.885907|-10.243930|-13.563508|-16.843691|-20.083530|-23.282074|-26.438375|-29.551483|-32.620448|-35.644320|-38.622151|-41.552991|-44.435889|-47.269898|-50.054066|-52.787445|-55.469085|-58.098036|-60.673350|-63.194075|-65.659264|-68.067966|-70.419231|-72.712111|-74.945656|-77.118915|-79.230941|-81.280782|
-37.565594|-35.831785|-33.934766|-31.881549|-29.679149|-27.334579|-24.854850|-22.246977|-19.517973|-16.674851|-13.724624|-10.674304|-7.530906|-4.301442|-1000|-3.494426|-6.912289|-10.288946|-13.623448|-16.914845|-20.162187|-23.364524|-26.520908|-29.630389|-32.692017|-35.704843|-38.667916|-41.580288|-44.441010|-47.249130|-50.003701|-52.703772|-55.348394|-57.936618|-60.467493|-62.940070|-65.353401|-67.706534|-69.998521|-72.228412|-74.395258|-76.498109|-78.536015|
-40.361727|-38.657819|-36.791297|-34.769173|-32.598460|-30.286172|-27.839322|-25.264922|-22.569987|-19.761529|-16.846560|-13.832096|-10.725147|-7.532728|-4.261852|-1000|-3.497757|-6.934577|-10.326481|-13.672519|-16.971742|-20.223200|-23.425944|-26.579024|-29.681491|-32.732394|-35.730786|-38.675715|-41.566233|-44.401389|-47.180235|-49.901821|-52.565197|-55.169414|-57.713522|-60.196572|-62.617614|-64.975699|-67.269876|-69.499198|-71.662713|-73.759473|-75.788527|
-43.152158|-41.476780|-39.639384|-37.646980|-35.506584|-33.225208|-30.809864|-28.267567|-25.605329|-22.830163|-19.949083|-16.969101|-13.897231|-10.740486|-7.505879|-4.200423|-1000|-3.500400|-6.952790|-10.356553|-13.710740|-17.014402|-20.266590|-23.466352|-26.612741|-29.704807|-32.741599|-35.722169|-38.645566|-41.510842|-44.317047|-47.063231|-49.748445|-52.371739|-54.932163|-57.428769|-59.860606|-62.226726|-64.526177|-66.758012|-68.921281|-71.015033|-73.038319|
-45.936887|-44.288669|-42.479026|-40.514973|-38.403521|-36.151685|-33.766477|-31.254910|-28.623998|-25.880754|-23.032190|-20.085320|-17.047157|-13.924715|-10.725006|-7.455043|-4.121839|-1000|-3.502374|-6.966946|-10.379182|-13.738131|-17.042845|-20.292374|-23.485769|-26.622079|-29.700356|-32.719650|-35.679011|-38.577489|-41.414136|-44.188002|-46.898137|-49.543591|-52.123416|-54.636661|-57.082377|-59.459615|-61.767424|-64.004856|-66.170961|-68.264789|-70.285391|
-48.715915|-47.093485|-45.310225|-43.373150|-41.289272|-39.065604|-36.709160|-34.226953|-31.625995|-28.913301|-26.095882|-23.180753|-20.174926|-17.085415|-13.919232|-10.683391|-7.384905|-4.030786|-1000|-3.503699|-6.977066|-10.394386|-13.754711|-17.057090|-20.300573|-23.484212|-26.607057|-29.668158|-32.666566|-35.601331|-38.471504|-41.276134|-44.014274|-46.684972|-49.287280|-51.820248|-54.282927|-56.674366|-58.993616|-61.239729|-63.411753|-65.508741|-67.529742|
-51.489242|-49.891227|-48.132979|-46.221511|-44.163835|-41.966965|-39.637914|-37.183694|-34.611320|-31.927805|-29.140160|-26.255400|-23.280538|-20.222586|-17.088558|-13.885468|-10.620327|-7.300150|-3.931949|-1000|-3.504393|-6.983168|-10.402186|-13.760498|-17.057155|-20.291206|-23.461702|-26.567694|-29.608232|-32.582367|-35.489149|-38.327628|-41.096856|-43.795882|-46.423756|-48.979531|-51.462255|-53.870979|-56.204754|-58.462631|-60.643659|-62.746889|-64.771372|
-54.256867|-52.681897|-50.947290|-49.060057|-47.027212|-44.855768|-42.552738|-40.125135|-37.579973|-34.924265|-32.165023|-29.309261|-26.363992|-23.336229|-20.232985|-17.061273|-13.828107|-10.540499|-7.205463|-3.830011|-1000|-3.504476|-6.985272|-10.402600|-13.755513|-17.043059|-20.264291|-23.418257|-26.504009|-29.520597|-32.467072|-35.342483|-38.145882|-40.876319|-43.532844|-46.114508|-48.620361|-51.049454|-53.400838|-55.673562|-57.866677|-59.979233|-62.010282|
-57.018790|-55.465494|-53.753156|-51.888787|-49.879401|-47.732012|-45.453633|-43.051276|-40.531954|-37.902682|-35.170471|-32.342335|-29.425288|-26.426342|-23.352511|-20.210807|-17.008243|-13.751834|-10.448591|-7.105529|-3.729660|-1000|-3.503967|-6.983396|-10.395648|-13.739774|-17.014823|-20.219848|-23.353897|-26.416022|-29.405272|-32.320699|-35.161353|-37.926285|-40.614544|-43.225181|-45.757247|-48.209792|-50.581867|-52.872522|-55.080807|-57.205774|-59.246472|
-59.775012|-58.242019|-56.550577|-54.707702|-52.720404|-50.595699|-48.340598|-45.962115|-43.467263|-40.863055|-38.156504|-35.354624|-32.464427|-29.492927|-26.447137|-23.334069|-20.160737|-16.934155|-13.661335|-10.349290|-7.005033|-3.635579|-1000|-3.502885|-6.977560|-10.381348|-13.713300|-16.972466|-20.157896|-23.268641|-26.303751|-29.262277|-32.143269|-34.945778|-37.668855|-40.311549|-42.872911|-45.351992|-47.747842|-50.059511|-52.286050|-54.426510|-56.479941|
-62.525532|-61.011470|-59.339555|-57.516801|-55.550220|-53.446827|-51.213633|-48.857653|-46.385899|-43.805385|-41.123123|-38.346126|-35.481409|-32.535983|-29.516862|-26.431060|-23.285589|-20.087462|-16.843692|-13.561294|-10.247279|-6.908661|-3.552453|-1000|-3.501249|-6.967783|-10.359720|-13.676111|-16.916005|-20.078454|-23.162507|-26.167216|-29.091630|-31.934801|-34.695778|-37.373612|-39.967354|-42.476054|-44.898762|-47.234529|-49.482406|-51.641442|-53.710689|
-65.270351|-63.773848|-62.120088|-60.316085|-58.368850|-56.285397|-54.072740|-51.737891|-49.287864|-46.729671|-44.070326|-41.316842|-38.476233|-35.555510|-32.561688|-29.501779|-26.382797|-23.211755|-19.995665|-16.741541|-13.456396|-10.147244|-6.821097|-3.484968|-1000|-3.499079|-6.954085|-10.330783|-13.628225|-16.845461|-19.981541|-23.035516|-26.006435|-28.893351|-31.695312|-34.411370|-37.040575|-39.581978|-42.034628|-44.397576|-46.669874|-48.850571|-50.938717|
-68.009468|-66.529154|-64.892178|-63.105553|-61.176292|-59.111409|-56.917916|-54.602828|-52.173156|-49.635914|-46.998115|-44.266772|-41.448899|-38.551509|-35.581613|-32.546227|-29.452363|-26.307033|-23.117252|-19.890032|-16.632386|-13.351327|-10.053870|-6.747026|-3.437809|-1000|-3.496393|-6.936483|-10.294556|-13.569663|-16.760853|-19.867177|-22.887686|-25.821429|-28.667459|-31.424824|-34.092575|-36.669764|-39.155439|-41.548653|-43.848455|-46.053895|-48.164025|
-70.742884|-69.277387|-67.655823|-65.885205|-63.972548|-61.924863|-59.749164|-57.452464|-55.041776|-52.524113|-49.906489|-47.195916|-44.399408|-41.523978|-38.576639|-35.564404|-32.494285|-29.373298|-26.208453|-23.006765|-19.775247|-16.520912|-13.250772|-9.971841|-6.691133|-3.415660|-1000|-3.493211|-6.914998|-10.251059|-13.500442|-16.662200|-19.735381|-22.719036|-25.612217|-28.413972|-31.123354|-33.739412|-36.261197|-38.687758|-41.018148|-43.251416|-45.386612|
-73.470599|-72.018547|-70.411024|-68.655043|-66.757616|-64.725758|-62.566481|-60.286799|-57.893724|-55.394269|-52.795448|-50.104274|-47.327760|-44.472919|-41.546764|-38.556309|-35.508566|-32.410548|-29.269269|-26.091742|-22.884980|-19.655996|-16.411803|-13.159415|-9.905844|-6.658103|-3.423206|-1000|-3.489551|-6.889649|-10.200310|-13.420583|-16.549520|-19.586171|-22.529586|-25.378816|-28.132911|-30.790922|-33.351899|-35.814893|-38.178954|-40.443132|-42.606479|
-76.192611|-74.752634|-73.157780|-71.415064|-69.531498|-67.514096|-65.369869|-63.105833|-60.728999|-58.246381|-55.664992|-52.991846|-50.233954|-47.398331|-44.491989|-41.521942|-38.495203|-35.418784|-32.299700|-29.144962|-25.961585|-22.756581|-19.536964|-16.309746|-13.081941|-9.860562|-6.652622|-3.465134|-1000|-3.485434|-6.860455|-10.142328|-13.330105|-16.422834|-19.419568|-22.319355|-25.121247|-27.824295|-30.427548|-32.930057|-35.330872|-37.629045|-39.823625|
-78.908922|-77.479648|-75.896093|-74.165270|-72.294193|-70.289875|-68.159328|-65.909566|-63.547603|-61.080450|-58.515122|-55.858631|-53.117991|-50.300214|-47.412314|-44.461304|-41.454197|-38.398006|-35.299745|-32.166426|-29.005062|-25.822667|-22.626254|-19.422836|-16.219425|-13.023036|-9.840681|-6.679374|-3.546127|-1000|-3.480878|-6.827435|-10.077134|-13.229026|-16.282161|-19.235589|-22.088362|-24.839529|-27.488142|-30.033249|-32.473903|-34.809153|-37.038051|
-81.619532|-80.199589|-78.625961|-76.905661|-75.045701|-73.053096|-70.934857|-68.697999|-66.349534|-63.896476|-61.345837|-58.704630|-55.979870|-53.178569|-50.307739|-47.374395|-44.385549|-41.348215|-38.269405|-35.156132|-32.015411|-28.854254|-25.679673|-22.498683|-19.318296|-16.145525|-12.987385|-9.850886|-6.743044|-3.670870|-1000|-3.475902|-6.790608|-10.004745|-13.117365|-16.127519|-19.034255|-21.836626|-24.533681|-27.124471|-29.608047|-31.983458|-34.249756|
-84.324440|-82.912458|-81.347386|-79.636236|-77.786023|-75.803759|-73.696457|-71.471131|-69.134793|-66.694457|-64.157137|-61.529844|-58.819592|-56.033394|-53.178264|-50.261214|-47.289258|-44.269408|-41.208679|-38.114082|-34.992632|-31.851340|-28.697222|-25.537288|-22.378553|-19.228030|-16.092732|-12.979671|-9.895862|-6.848317|-3.844049|-1000|-3.470526|-6.749993|-9.925182|-12.995143|-15.958927|-18.815585|-21.564166|-24.203722|-26.733303|-29.151959|-31.458741|
-87.023647|-85.618254|-84.060365|-82.356996|-80.515157|-78.541863|-76.444127|-74.228962|-71.903380|-69.474396|-66.949022|-64.334271|-61.637156|-58.864691|-56.023888|-53.121762|-50.165324|-47.161588|-44.117568|-41.040275|-37.936724|-34.813928|-31.678899|-28.538651|-25.400197|-22.270550|-19.156723|-16.065729|-13.004582|-9.980294|-6.999879|-4.070349|-1000|-3.464769|-6.705610|-9.838463|-12.862378|-15.776406|-18.579597|-21.271002|-23.849672|-26.314656|-28.665005|
-89.717152|-88.316976|-86.764901|-85.067940|-83.233105|-81.267410|-79.177868|-76.971492|-74.655295|-72.236291|-69.721492|-67.117911|-64.432563|-61.672459|-58.844613|-55.956038|-53.013747|-50.024754|-46.996071|-43.934712|-40.847689|-37.742016|-34.624706|-31.502772|-28.383227|-25.273085|-22.179358|-19.109059|-16.069203|-13.066801|-10.108867|-7.202414|-4.354455|-1000|-3.458650|-6.657478|-9.744607|-12.719089|-15.579974|-18.326312|-20.957153|-23.471549|-25.868549|
-92.404956|-91.008626|-89.460993|-87.769068|-85.939866|-83.980398|-81.897679|-79.698721|-77.390538|-74.980142|-72.474547|-69.880766|-67.205812|-64.456698|-61.640437|-58.764043|-55.834528|-52.858905|-49.844189|-46.797391|-43.725525|-40.635605|-37.534642|-34.429651|-31.327644|-28.235635|-25.160637|-22.109662|-19.089725|-16.107837|-13.171013|-10.286265|-7.460607|-4.701051|-1000|-3.452188|-6.605615|-9.643634|-12.565296|-15.369650|-18.055747|-20.622637|-23.069372|
-95.087058|-93.693203|-92.148640|-90.460381|-88.635440|-86.680829|-84.603561|-82.410650|-80.109109|-77.705950|-75.208188|-72.622835|-69.956904|-67.217408|-64.411361|-61.545776|-58.627666|-55.664043|-52.661921|-49.628314|-46.570234|-43.494694|-40.408707|-37.319288|-34.233448|-31.158201|-28.100560|-25.067538|-22.066148|-19.103404|-16.186318|-13.321904|-10.517175|-7.779143|-5.114823|-1000|-3.445402|-6.550042|-9.535563|-12.401017|-15.145453|-17.767922|-20.267475|
-97.763458|-96.370708|-94.827844|-93.141879|-91.319827|-89.368701|-87.295513|-85.107277|-82.811007|-80.413715|-77.922414|-75.344117|-72.685838|-69.954590|-67.157385|-64.301238|-61.393161|-58.440166|-55.449268|-52.427480|-49.381814|-46.319284|-43.246902|-40.171683|-37.100638|-34.040782|-30.999127|-27.982686|-24.998473|-22.053501|-19.154782|-16.309330|-13.524159|-10.806280|-8.162708|-5.600455|-1000|-3.438311|-6.490777|-9.420414|-12.226272|-14.907403|-17.462857|
-100.434157|-99.041139|-97.498603|-95.813561|-93.993027|-92.044014|-89.973536|-87.788604|-85.496233|-83.103436|-80.617225|-78.044613|-75.392615|-72.668243|-69.878509|-67.030428|-64.131013|-61.187275|-58.206230|-55.194889|-52.160266|-49.109374|-46.049226|-42.986835|-39.929215|-36.883378|-33.856337|-30.855107|-27.886699|-24.958127|-22.076404|-19.248544|-16.481558|-13.782462|-11.158266|-8.615986|-6.162633|-1000|-3.430936|-6.427839|-9.298204|-12.041080|-14.655519|
-103.099154|-101.704497|-100.160917|-98.475427|-96.655041|-94.706770|-92.637629|-90.454630|-88.164787|-85.775113|-83.292621|-80.724324|-78.077234|-75.358367|-72.574733|-69.733347|-66.841222|-63.905371|-60.932806|-57.930541|-54.905590|-51.864965|-48.815679|-45.764746|-42.719178|-39.685989|-36.672192|-33.684800|-30.730826|-27.817283|-24.951185|-22.139544|-19.389374|-16.707688|-14.101498|-11.577819|-9.143662|-6.806042|-1000|-3.423294|-6.361248|-9.168953|-11.845461|
-105.758450|-104.360783|-102.814788|-101.127478|-99.305867|-97.356968|-95.287793|-93.105355|-90.816669|-88.428747|-85.948602|-83.383248|-80.739696|-78.024962|-75.246057|-72.409995|-69.523789|-66.594452|-63.628997|-60.634437|-57.617786|-54.586056|-51.546261|-48.505414|-45.470528|-42.448616|-39.446691|-36.471766|-33.530855|-30.630970|-27.779125|-24.982332|-22.247606|-19.581959|-16.992403|-14.485954|-12.069622|-9.750422|-7.535367|-1000|-3.415405|-6.291022|-9.032681|
-108.412045|-107.009996|-105.460215|-103.769714|-101.945507|-99.994607|-97.924027|-95.740780|-93.451879|-91.064338|-88.585169|-86.021385|-83.380001|-80.668028|-77.892480|-75.060371|-72.178712|-69.254518|-66.294802|-63.306576|-60.296854|-57.272648|-54.240973|-51.208840|-48.183264|-45.171257|-42.179833|-39.216004|-36.286784|-33.399186|-30.560223|-27.776908|-25.056254|-22.405274|-19.830982|-17.340390|-14.940512|-12.638361|-10.440950|-8.355292|-1000|-3.407288|-6.217182|
-111.059938|-109.652136|-108.097197|-106.402134|-104.573960|-102.619688|-100.546331|-98.360903|-96.070417|-93.681885|-91.202320|-88.638737|-85.998148|-83.287566|-80.514004|-77.684475|-74.805993|-71.885571|-68.930222|-65.946958|-62.942793|-59.924741|-56.899814|-53.875025|-50.857387|-47.853915|-44.871620|-41.917515|-38.998615|-36.121932|-33.294480|-30.523270|-27.815317|-25.177634|-22.617234|-20.141129|-17.756333|-15.469860|-13.288721|-11.219931|-9.270503|-1000|-3.398962|
-113.702129|-112.287203|-110.725735|-109.024738|-107.191226|-105.232211|-103.154707|-100.965726|-98.672282|-96.281388|-93.800057|-91.235303|-88.594137|-85.883574|-83.110627|-80.282308|-77.405632|-74.487610|-71.535256|-68.555583|-65.555605|-62.542334|-59.522784|-56.503967|-53.492897|-50.496587|-47.522050|-44.576299|-41.666348|-38.799209|-35.981895|-33.221420|-30.524797|-27.899039|-25.351159|-22.888170|-20.517085|-18.244918|-16.078681|-14.025388|-12.092051|-10.285685|-1000|
