-1000|-6.838387|-8.392891|-10.016067|-11.704121|-13.453263|-15.259698|-17.119636|-19.029282|-20.984846|-22.982534|-25.018554|-27.089113|-29.190420|-31.318682|-33.470106|-35.640899|-37.827270|-40.025427|-42.231575|-44.441924|-46.652681|-48.860053|-51.060248|-53.249473|-55.423937|-57.579846|-59.713408|-61.820831|-63.898322|-65.942090|-67.948340|-69.913282|-71.833122|-73.704069|-75.522329|-77.284111|-78.985621|-80.623068|-82.192659|-83.690601|-85.113103|-86.456372|
-1.104749|-1000|-6.363309|-8.008190|-9.716993|-11.485926|-13.311196|-15.189012|-17.115580|-19.087109|-21.099805|-23.149877|-25.233531|-27.346977|-29.486420|-31.648069|-33.828132|-36.022815|-38.228326|-40.440874|-42.656665|-44.871907|-47.082808|-49.285575|-51.476416|-53.651539|-55.807150|-57.939458|-60.044670|-62.118994|-64.158637|-66.159807|-68.118712|-70.031558|-71.894554|-73.703907|-75.455824|-77.146514|-78.772184|-80.329041|-81.813294|-83.221148|-84.548813|
-3.259278|-1.690716|-1000|-5.947190|-7.677894|-9.467772|-11.313031|-13.209878|-15.154521|-17.143168|-19.172026|-21.237303|-23.335206|-25.461943|-27.613721|-29.786749|-31.977233|-34.181382|-36.395402|-38.615501|-40.837888|-43.058769|-45.274352|-47.480845|-49.674454|-51.851389|-54.007856|-56.140063|-58.244218|-60.316527|-62.353199|-64.350442|-66.304462|-68.211468|-70.067666|-71.869265|-73.612472|-75.293495|-76.908541|-78.453818|-79.925533|-81.319894|-82.633108|
-5.406828|-3.879942|-2.216751|-1000|-5.586827|-7.398803|-9.265203|-11.182234|-13.146106|-15.153024|-17.199197|-19.280832|-21.394136|-23.535318|-25.700585|-27.886145|-30.088204|-32.302971|-34.526653|-36.755458|-38.985593|-41.213266|-43.434684|-45.646056|-47.843588|-50.023488|-52.181964|-54.315223|-56.419473|-58.490922|-60.525776|-62.520244|-64.470534|-66.372852|-68.223406|-70.018404|-71.754054|-73.426563|-75.032138|-76.566987|-78.027318|-79.409339|-80.709256|
-7.547399|-6.060767|-4.438671|-2.685739|-1000|-5.279017|-7.167711|-9.106081|-11.090334|-13.116677|-15.181318|-17.280464|-19.410324|-21.567104|-23.747012|-25.946257|-28.161044|-30.387583|-32.622080|-34.860743|-37.099780|-39.335398|-41.563805|-43.781209|-45.983816|-48.167835|-50.329473|-52.464938|-54.570436|-56.642177|-58.676367|-60.669214|-62.616926|-64.515710|-66.361773|-68.151324|-69.880569|-71.545717|-73.142975|-74.668550|-76.118651|-77.489484|-78.777258|
-9.680990|-8.233189|-6.650767|-4.938349|-3.100562|-1000|-5.020557|-6.981418|-8.987205|-11.034126|-13.118388|-15.236200|-17.383767|-19.557299|-21.753002|-23.967085|-26.195754|-28.435217|-30.681683|-32.931358|-35.180450|-37.425166|-39.661715|-41.886304|-44.095139|-46.284430|-48.450384|-50.589207|-52.697108|-54.770294|-56.804973|-58.797352|-60.743639|-62.640042|-64.482768|-66.268024|-67.992019|-69.650959|-71.241053|-72.758507|-74.199530|-75.560329|-76.837112|
-11.807602|-10.397210|-8.853038|-7.179712|-5.381859|-3.464105|-1000|-4.808245|-6.836720|-8.905372|-11.010409|-13.148038|-15.314467|-17.505903|-19.718555|-21.948629|-24.192333|-26.445874|-28.705461|-30.967301|-33.227601|-35.482570|-37.728413|-39.961340|-42.177558|-44.373274|-46.544696|-48.688031|-50.799487|-52.875272|-54.911593|-56.904658|-58.850674|-60.745849|-62.586390|-64.368505|-66.088402|-67.742288|-69.326371|-70.836858|-72.269956|-73.621875|-74.888820|
-13.927234|-12.552829|-11.045485|-9.409829|-7.650487|-5.772086|-3.779252|-1000|-4.638879|-6.730415|-8.857380|-11.015980|-13.202424|-15.412918|-17.643670|-19.890889|-22.150781|-24.419554|-26.693416|-28.968574|-31.241235|-33.507609|-35.763901|-38.006319|-40.231072|-42.434366|-44.612410|-46.761410|-48.877575|-50.957112|-52.996228|-54.991131|-56.938029|-58.833129|-60.672639|-62.452767|-64.169719|-65.819704|-67.398929|-68.903601|-70.329929|-71.674120|-72.932381|
-16.039888|-14.700045|-13.228107|-11.628698|-9.906445|-8.065975|-6.111912|-4.048885|-1000|-4.509255|-6.659301|-8.840025|-11.047636|-13.278342|-15.528349|-17.793865|-20.071098|-22.356256|-24.645546|-26.935175|-29.221352|-31.500283|-33.768176|-36.021240|-38.255681|-40.467707|-42.653525|-44.809344|-46.931370|-49.015812|-51.058877|-53.056772|-55.005705|-56.901884|-58.741516|-60.520809|-62.235970|-63.883207|-65.458727|-66.958739|-68.379449|-69.717065|-70.967795|
-18.145562|-16.838860|-15.400904|-13.836320|-12.149733|-10.345771|-8.429058|-6.404223|-4.275889|-1000|-4.416171|-6.620173|-8.850106|-11.102175|-13.372590|-15.657557|-17.953285|-20.255981|-22.561852|-24.867106|-27.167950|-29.460593|-31.741241|-34.006102|-36.251385|-38.473296|-40.668042|-42.831833|-44.960874|-47.051374|-49.099541|-51.101581|-53.053703|-54.952113|-56.793020|-58.572632|-60.287155|-61.932797|-63.505766|-65.002270|-66.418515|-67.750710|-68.995063|
-20.244257|-18.969274|-17.563878|-16.032695|-14.380352|-12.611475|-10.730690|-8.742623|-6.651900|-4.463148|-1000|-4.356425|-6.609831|-8.884418|-11.176394|-13.481966|-15.797341|-18.118728|-20.442333|-22.764365|-25.081031|-27.388538|-29.683094|-31.960907|-34.218184|-36.451133|-38.655961|-40.828876|-42.966086|-45.063797|-47.118219|-49.125557|-51.082021|-52.983816|-54.827152|-56.608235|-58.323273|-59.968474|-61.540045|-63.034194|-64.447128|-65.775056|-67.014183|
-22.335972|-21.091285|-19.717027|-18.217823|-16.598301|-14.863087|-13.016806|-11.064085|-9.009551|-6.857828|-4.613545|-1000|-4.326813|-6.625071|-8.939761|-11.267090|-13.603267|-15.944498|-18.286991|-20.626954|-22.960594|-25.284119|-27.593736|-29.885653|-32.156078|-34.401218|-36.617281|-38.800474|-40.947006|-43.053082|-45.114912|-47.128702|-49.090660|-50.996994|-52.843911|-54.627619|-56.344326|-57.990239|-59.561565|-61.054512|-62.465288|-63.790101|-65.025157|
-24.420708|-23.204894|-21.860351|-20.391704|-18.803581|-17.100606|-15.287408|-13.368610|-11.348841|-9.232726|-7.024891|-4.729963|-1000|-4.324134|-6.662691|-9.012931|-11.371062|-13.733290|-16.095824|-18.454871|-20.806639|-23.147335|-25.473166|-27.780342|-30.065068|-32.323552|-34.552003|-36.746628|-38.903633|-41.019228|-43.089619|-45.111014|-47.079620|-48.991645|-50.843298|-52.630784|-54.350312|-55.998090|-57.570325|-59.063224|-60.472995|-61.795846|-63.027984|
-26.498465|-25.310102|-23.993851|-22.554338|-20.996190|-19.324034|-17.542494|-15.656198|-13.669772|-11.587841|-9.415033|-7.155973|-4.815287|-1000|-4.345184|-6.719488|-9.100726|-11.485105|-13.868833|-16.248118|-18.619166|-20.978186|-23.321386|-25.644972|-27.945152|-30.218135|-32.460127|-34.667336|-36.835969|-38.962235|-41.042340|-43.072493|-45.048901|-46.967771|-48.825312|-50.617729|-52.341233|-53.992028|-55.566325|-57.060329|-58.470248|-59.792291|-61.022664|
-28.569243|-27.406908|-26.117526|-24.705725|-23.176131|-21.533369|-19.782066|-17.926849|-15.972342|-13.923174|-11.783969|-9.559355|-7.253956|-4.872400|-1000|-4.386761|-6.792259|-9.199942|-11.606018|-14.006693|-16.398176|-18.776673|-21.138394|-23.479544|-25.796332|-28.084965|-30.341652|-32.562598|-34.744013|-36.882103|-38.973077|-41.013141|-42.998503|-44.925371|-46.789953|-48.588455|-50.317087|-51.972054|-53.549565|-55.045828|-56.457049|-57.779436|-59.009198|
-30.633041|-29.495311|-28.231377|-26.845865|-25.343401|-23.728612|-22.006123|-20.180562|-18.256553|-16.238724|-14.131700|-11.940109|-9.668575|-7.321725|-4.904186|-1000|-4.445662|-6.877802|-9.307378|-11.730598|-14.143668|-16.542796|-18.924190|-21.284058|-23.618607|-25.924045|-28.196578|-30.432416|-32.627765|-34.778833|-36.881827|-38.932956|-40.928426|-42.864445|-44.737222|-46.542962|-48.277875|-49.938167|-51.520046|-53.019720|-54.433396|-55.757282|-56.987585|
-32.689861|-31.575313|-30.335404|-28.974758|-27.498002|-25.909762|-24.214665|-22.417337|-20.522404|-18.534491|-16.458227|-14.298235|-12.059143|-9.745578|-7.362164|-4.913529|-1000|-4.518685|-6.972915|-9.419831|-11.855642|-14.276554|-16.678776|-19.058514|-21.411977|-23.735372|-26.024907|-28.276788|-30.487225|-32.652424|-34.768592|-36.831939|-38.838670|-40.784994|-42.667118|-44.481249|-46.223597|-47.890367|-49.477767|-50.982005|-52.399290|-53.725827|-54.957825|
-34.739700|-33.646913|-32.429606|-31.092404|-29.639933|-28.076821|-26.407693|-24.637175|-22.769894|-20.810476|-18.763547|-16.633734|-14.425662|-12.143957|-9.793247|-7.378156|-4.903312|-1000|-4.602627|-7.074394|-9.534098|-11.977947|-14.402150|-16.802912|-19.176442|-21.518948|-23.826636|-26.095716|-28.322393|-30.502876|-32.633372|-34.710089|-36.729235|-38.687016|-40.579641|-42.403317|-44.154252|-45.828653|-47.422728|-48.932685|-50.354730|-51.685072|-52.919918|
-36.782561|-35.710111|-34.513983|-33.198802|-31.769195|-30.229787|-28.585206|-26.840076|-24.999025|-23.066679|-21.047663|-18.946605|-16.768129|-14.516863|-12.197433|-9.814465|-7.372585|-4.876419|-1000|-4.694285|-7.179036|-9.646976|-12.094312|-14.517252|-16.912002|-19.274772|-21.601768|-23.889198|-26.133269|-28.330189|-30.476166|-32.567408|-34.600121|-36.570513|-38.474792|-40.309166|-42.069842|-43.753027|-45.354930|-46.871758|-48.299717|-49.635017|-50.873865|
-38.818442|-37.764908|-36.588536|-35.293954|-33.885787|-32.368661|-30.747203|-29.026040|-27.209796|-25.303098|-23.310574|-21.236848|-19.086547|-16.864297|-14.574725|-12.222456|-9.812117|-7.348334|-4.835734|-1000|-4.790457|-7.283641|-9.755264|-12.201533|-14.618658|-17.002845|-19.350301|-21.657235|-23.919853|-26.134364|-28.296975|-30.403894|-32.451327|-34.435484|-36.352571|-38.198795|-39.970365|-41.663488|-43.274372|-44.799224|-46.234252|-47.575662|-48.819664|
-40.847344|-39.811302|-38.653265|-37.377859|-35.989709|-34.493443|-32.893686|-31.195066|-29.402207|-27.519736|-25.552279|-23.504463|-21.380914|-19.186258|-16.925120|-14.602129|-12.221908|-9.789086|-7.308288|-4.784140|-1000|-4.887940|-7.385004|-9.855757|-12.296408|-14.703165|-17.072235|-19.399826|-21.682145|-23.915400|-26.095798|-28.219547|-30.282855|-32.281929|-34.212976|-36.072205|-37.855823|-39.560037|-41.181054|-42.715084|-44.158332|-45.507008|-46.757317|
-42.869267|-41.849295|-40.708169|-39.450516|-38.080962|-36.604133|-35.024655|-33.347154|-31.576257|-29.716590|-27.772779|-25.749451|-23.651231|-21.482745|-19.248621|-16.953483|-14.601959|-12.198675|-9.748256|-7.255329|-4.724521|-1000|-4.983532|-7.479923|-9.945254|-12.375735|-14.767572|-17.116973|-19.420145|-21.673297|-23.872636|-26.014369|-28.094704|-30.109848|-32.056009|-33.929396|-35.726214|-37.442672|-39.074977|-40.619337|-42.071960|-43.429053|-44.686823|
-44.884210|-43.878886|-42.753249|-41.511927|-40.159545|-38.700730|-37.140108|-35.482305|-33.731948|-31.893662|-29.972074|-27.971810|-25.897497|-23.753760|-21.545225|-19.276520|-16.952269|-14.577100|-12.155639|-9.692511|-7.192343|-4.659761|-1000|-5.074030|-7.565195|-10.020552|-12.436310|-14.808674|-17.133854|-19.408056|-21.627488|-23.788358|-25.886873|-27.919242|-29.881670|-31.770367|-33.581539|-35.311394|-36.956140|-38.511984|-39.975134|-41.341798|-42.608183|
-46.892174|-45.900074|-44.788504|-43.562090|-42.225458|-40.783235|-39.240047|-37.600519|-35.869279|-34.050952|-32.150164|-30.171543|-28.119713|-25.999302|-23.814935|-21.571238|-19.272839|-16.924362|-14.530435|-12.095683|-9.624733|-7.122211|-4.592743|-1000|-5.156231|-7.637618|-10.078449|-12.474930|-14.823270|-17.119676|-19.360355|-21.541515|-23.659364|-25.710109|-27.689958|-29.595118|-31.421798|-33.166203|-34.824543|-36.393025|-37.867856|-39.245243|-40.521395|
-48.893159|-47.912861|-46.813935|-45.601007|-44.278702|-42.851648|-41.324470|-39.701795|-37.988249|-36.188458|-34.307049|-32.348647|-30.317879|-28.219370|-26.057748|-23.837638|-21.563667|-19.240461|-16.872646|-14.464848|-12.021693|-9.547808|-7.047819|-4.526352|-1000|-5.226933|-7.693990|-10.115741|-12.488394|-14.808157|-17.071236|-19.273840|-21.412176|-23.482451|-25.480873|-27.403651|-29.246990|-31.007100|-32.680187|-34.262459|-35.750124|-37.139388|-38.426461|
-50.887165|-49.917246|-48.829541|-47.628676|-46.319276|-44.905969|-43.393379|-41.786134|-40.088860|-38.306183|-36.442728|-34.503123|-32.491994|-30.413966|-28.273666|-26.075721|-23.824755|-21.525396|-19.182270|-16.800003|-14.383222|-11.936551|-9.464618|-6.972049|-4.463470|-1000|-5.282932|-7.731107|-10.129227|-12.473499|-14.760132|-16.985332|-19.145308|-21.236267|-23.254416|-25.195964|-27.057117|-28.834084|-30.523071|-32.120287|-33.621938|-35.024234|-36.323380|
-52.874191|-51.913230|-50.835323|-49.645098|-48.347181|-46.946197|-45.446773|-43.853536|-42.171111|-40.404124|-38.557203|-36.634972|-34.642059|-32.583089|-30.462689|-28.285485|-26.056103|-23.779169|-21.459309|-19.101151|-16.709319|-14.288440|-11.843141|-9.378048|-6.897786|-4.406982|-1000|-5.321028|-7.745767|-10.115703|-12.427042|-14.675992|-16.858762|-18.971557|-21.010587|-22.972057|-24.852178|-26.647154|-28.353195|-29.966508|-31.483300|-32.899779|-34.212152|
-54.854238|-53.900811|-52.831281|-51.650274|-50.362416|-48.972333|-47.484653|-45.904000|-44.235002|-42.482284|-40.650472|-38.744193|-36.768074|-34.726739|-32.624816|-30.466931|-28.257709|-26.001778|-23.703762|-21.368290|-18.999985|-16.603476|-14.183388|-11.744348|-9.290980|-6.827913|-4.359771|-1000|-5.338016|-7.734768|-10.071967|-12.345820|-14.552536|-16.688321|-18.749384|-20.731932|-22.632172|-24.446312|-26.170560|-27.801122|-29.334208|-30.766024|-32.092778|
-56.827306|-55.879991|-54.817414|-53.644202|-52.364981|-50.984377|-49.507017|-47.937527|-46.280532|-44.540660|-42.722536|-40.830787|-38.870038|-36.844916|-34.760048|-32.620058|-30.429575|-28.193223|-25.915629|-23.601420|-21.255221|-18.881658|-16.485359|-14.070948|-11.643053|-9.206300|-6.765314|-4.324722|-1000|-5.330694|-7.694906|-9.994816|-12.226631|-14.386560|-16.470809|-18.475587|-20.397100|-22.231557|-23.975165|-25.624131|-27.174663|-28.622969|-29.965256|
-58.793394|-57.850768|-56.793722|-55.626883|-54.354876|-52.982329|-51.513867|-49.954116|-48.307703|-46.579254|-44.773395|-42.894752|-40.947952|-38.937620|-36.868384|-34.744868|-32.571700|-30.353505|-28.094911|-25.800542|-23.475025|-21.122987|-18.749053|-16.357851|-13.954005|-11.542142|-9.126889|-6.712872|-4.304716|-1000|-5.295860|-7.622979|-9.881048|-12.066273|-14.174862|-16.203022|-18.146962|-20.002889|-21.767010|-23.435533|-25.004665|-26.470614|-27.829588|
-60.752504|-59.813144|-58.760206|-57.598317|-56.332102|-54.966189|-53.505202|-51.953768|-50.316514|-48.598065|-46.803049|-44.936090|-43.001815|-41.004851|-38.949824|-36.841360|-34.684084|-32.482624|-30.241606|-27.965655|-25.659398|-23.327462|-20.974472|-18.605054|-16.223835|-13.835441|-11.444498|-9.055633|-6.673471|-4.302640|-1000|-5.230310|-7.515785|-9.727460|-11.861542|-13.914239|-15.881758|-17.760308|-19.546095|-21.235328|-22.824213|-24.308959|-25.685773|
-62.704633|-61.767118|-60.716866|-59.558504|-58.296659|-56.935956|-55.481022|-53.936483|-52.306965|-50.597094|-48.811497|-46.954800|-45.031629|-43.046610|-41.004369|-38.909533|-36.766728|-34.580580|-32.355715|-30.096760|-27.808341|-25.495083|-23.161614|-20.812558|-18.452544|-16.086196|-13.718141|-11.353005|-8.995415|-6.649996|-4.321375|-1000|-5.130843|-7.370121|-9.530849|-11.609235|-13.601488|-15.503814|-17.312421|-19.023517|-20.633309|-22.138005|-23.533812|
-64.649784|-63.712690|-62.663701|-61.507444|-60.248545|-58.891631|-57.441327|-55.902260|-54.279055|-52.576340|-50.798740|-48.950882|-47.037392|-45.062895|-43.032019|-40.949389|-38.819631|-36.647373|-34.437239|-32.193857|-29.921852|-27.625851|-25.310479|-22.980364|-20.640131|-18.294407|-15.947817|-13.604988|-11.270546|-8.949118|-6.645329|-4.363806|-1000|-4.994256|-7.182783|-9.288013|-11.306152|-13.233407|-15.065987|-16.800099|-18.431951|-19.957750|-21.373703|
-66.587955|-65.649860|-64.600712|-63.445137|-62.187763|-60.833214|-59.386117|-57.851100|-56.232786|-54.535804|-52.764779|-50.924337|-49.019104|-47.053707|-45.032773|-42.960926|-40.842794|-38.683002|-36.486177|-34.256945|-31.999932|-29.719765|-27.421069|-25.108471|-22.786597|-20.460073|-18.133526|-15.811582|-13.498866|-11.200005|-8.919626|-6.662354|-4.432816|-1000|-4.817346|-6.950571|-8.995749|-10.949087|-12.806794|-14.565075|-16.220140|-17.768195|-19.205448|
-68.519147|-67.578628|-66.527898|-65.371583|-64.114310|-62.760705|-61.315393|-59.783002|-58.168157|-56.475485|-54.709612|-52.875163|-50.976766|-49.019047|-47.006631|-44.944145|-42.836215|-40.687468|-38.502529|-36.286024|-34.042581|-31.776825|-29.493382|-27.196879|-24.891941|-22.583196|-20.275269|-17.972786|-15.680374|-13.402659|-11.144266|-8.909823|-6.703956|-4.531290|-1000|-4.596910|-6.670280|-8.650855|-10.534840|-12.318445|-13.997876|-15.569340|-17.029046|
-70.443360|-69.498995|-68.445260|-67.286782|-66.028188|-64.674103|-63.229154|-61.697967|-60.085168|-58.395383|-56.633239|-54.803362|-52.910378|-50.958913|-48.953594|-46.899046|-44.799896|-42.660770|-40.486295|-38.281095|-36.049799|-33.797031|-31.527419|-29.245588|-26.956165|-24.663775|-22.373045|-20.088601|-17.815070|-15.557077|-13.319250|-11.106213|-8.922593|-6.773017|-4.662110|-1000|-4.329746|-6.338709|-8.250128|-10.060208|-11.765158|-13.361185|-14.844498|
-72.360594|-71.410959|-70.352797|-69.190734|-67.929396|-66.573409|-65.127400|-63.595994|-61.983819|-60.295499|-58.535662|-56.708933|-54.819940|-52.873307|-50.873661|-48.825629|-46.733836|-44.602909|-42.437475|-40.242158|-38.021586|-35.780384|-33.523180|-31.254598|-28.979266|-26.701809|-24.426854|-22.159027|-19.902954|-17.663262|-15.444576|-13.251523|-11.088728|-8.960819|-6.872421|-4.828161|-1000|-4.012651|-5.952655|-7.790364|-9.521987|-11.143731|-12.651802|
-74.270848|-73.314522|-72.250510|-71.083439|-69.817934|-68.458623|-67.010131|-65.477084|-63.864110|-62.175833|-60.416880|-58.591877|-56.705451|-54.762227|-52.766833|-50.723894|-48.638036|-46.513885|-44.356069|-42.169212|-39.957942|-37.726884|-35.480664|-33.223910|-30.961246|-28.697300|-26.436697|-24.184064|-21.944027|-19.721212|-17.520245|-15.345753|-13.202361|-11.094697|-9.027385|-7.005053|-5.032326|-1000|-3.642423|-5.508915|-7.268363|-8.916976|-10.450960|
-76.174123|-75.209682|-74.138398|-72.964896|-71.693803|-70.329745|-68.877347|-67.341237|-65.726040|-64.036383|-62.276892|-60.452193|-58.566912|-56.625675|-54.633109|-52.593840|-50.512495|-48.393698|-46.242077|-44.062258|-41.858867|-39.636529|-37.399873|-35.153523|-32.902105|-30.650247|-28.402574|-26.163712|-23.938288|-21.730928|-19.546258|-17.388904|-15.263492|-13.174649|-11.127002|-9.125175|-7.173795|-5.277490|-1000|-3.215858|-5.004286|-6.680921|-8.241971|
-78.070418|-77.096441|-76.016462|-74.835107|-73.557002|-72.186774|-70.729049|-69.188452|-67.569611|-65.877151|-64.115699|-62.289881|-60.404322|-58.463650|-56.472490|-54.435469|-52.357213|-50.242347|-48.095500|-45.921295|-43.724360|-41.509322|-39.280805|-37.043436|-34.801843|-32.560650|-30.324483|-28.097971|-25.885737|-23.692409|-21.522613|-19.380975|-17.272121|-15.200678|-13.171271|-11.188527|-9.257072|-7.381532|-5.566534|-1000|-2.729755|-4.435566|-6.024835|
-79.959735|-78.974798|-77.884702|-76.694071|-75.407532|-74.029712|-72.565236|-71.018730|-69.394822|-67.698137|-65.933301|-64.104941|-62.217682|-60.276152|-58.284975|-56.248779|-54.172190|-52.059834|-49.916336|-47.746324|-45.554423|-43.345260|-41.123461|-38.893652|-36.660459|-34.428508|-32.202427|-29.986840|-27.786374|-25.605656|-23.449311|-21.321967|-19.228248|-17.172781|-15.160193|-13.195109|-11.282156|-9.425960|-7.631147|-5.902344|-1000|-2.180911|-3.799552|
-81.842072|-80.844754|-79.743117|-78.541787|-77.245392|-75.858557|-74.385908|-72.832071|-71.201673|-69.499340|-67.729698|-65.897373|-64.006992|-62.063181|-60.070565|-58.033772|-55.957427|-53.846156|-51.704587|-49.537344|-47.349055|-45.144345|-42.927840|-40.704168|-38.477953|-36.253823|-34.036403|-31.830320|-29.640200|-27.470669|-25.326353|-23.211879|-21.131872|-19.090960|-17.093767|-15.144921|-13.249047|-11.410773|-9.634723|-7.925524|-6.287803|-1000|-1.566123|
-83.717430|-82.706307|-81.591707|-80.378257|-79.070582|-77.673309|-76.191065|-74.628474|-72.990164|-71.280760|-69.504889|-67.667178|-65.772251|-63.824736|-61.829259|-59.790446|-57.712923|-55.601316|-53.460252|-51.294356|-49.108255|-46.906576|-44.693944|-42.474985|-40.254326|-38.036594|-35.826413|-33.628411|-31.447214|-29.287447|-27.153738|-25.050711|-22.982995|-20.955213|-18.971994|-17.037963|-15.157747|-13.335970|-11.577261|-9.886244|-8.267547|-6.725795|-1000|
