-1000|-4.278332|-7.256051|-10.278078|-13.343765|-16.452465|-19.603528|-22.796308|-26.030157|-29.304427|-32.618469|-35.971637|-39.363282|-42.792757|-46.259413|-49.762603|-53.301678|-56.875992|-60.484896|-64.127743|-67.803884|-71.512672|-75.253459|-79.025597|-82.828438|-86.661334|-90.523638|-94.414701|-98.333877|-102.280516|-106.253972|
-1.195240|-1000|-4.125634|-7.146618|-10.208721|-13.311295|-16.453693|-19.635267|-22.855368|-26.113350|-29.408563|-32.740361|-36.108096|-39.511119|-42.948783|-46.420440|-49.925442|-53.463142|-57.032891|-60.634041|-64.265946|-67.927956|-71.619424|-75.339703|-79.088144|-82.864100|-86.666922|-90.495963|-94.350575|-98.230111|-102.133922|
-4.255226|-1.786623|-1000|-3.998095|-7.058744|-10.157323|-13.293186|-16.465683|-19.674167|-22.917991|-26.196506|-29.509065|-32.855019|-36.233721|-39.644523|-43.086778|-46.559836|-50.063052|-53.595775|-57.157360|-60.747158|-64.364521|-68.008801|-71.679351|-75.375522|-79.096667|-82.842138|-86.611287|-90.403466|-94.218028|-98.054324|
-7.350525|-4.863516|-2.292228|-1000|-3.893834|-6.990549|-10.122006|-13.287558|-16.486555|-19.718351|-22.982297|-26.277747|-29.604051|-32.960562|-36.346633|-39.761615|-43.204860|-46.675721|-50.173550|-53.697699|-57.247520|-60.822366|-64.421588|-68.044539|-71.690571|-75.359035|-79.049285|-82.760672|-86.492548|-90.244266|-94.015178|
-10.481137|-7.974288|-5.385056|-2.718042|-1000|-3.810973|-6.940155|-10.100890|-13.292531|-16.514429|-19.765938|-23.046408|-26.355192|-29.691642|-33.055111|-36.444951|-39.860513|-43.301151|-46.766215|-50.255059|-53.767034|-57.301492|-60.857786|-64.435268|-68.033290|-71.651205|-75.288363|-78.944119|-82.617822|-86.308827|-90.016485|
-13.647062|-11.118939|-8.510329|-5.825833|-3.070052|-1000|-3.747632|-6.905681|-10.092096|-13.306227|-16.547427|-19.815048|-23.108442|-26.426962|-29.769960|-33.136787|-36.526797|-39.939340|-43.373770|-46.829438|-50.305697|-53.801899|-57.317395|-60.851539|-64.403682|-67.973176|-71.559374|-75.161627|-78.779288|-82.411710|-86.058243|
-16.848300|-14.297469|-11.668047|-8.964635|-6.191834|-3.354245|-1000|-3.701931|-6.885248|-10.093742|-13.326764|-16.583667|-19.863801|-23.166521|-26.491178|-29.837123|-33.203710|-36.590290|-39.996215|-43.420838|-46.863511|-50.323586|-53.800415|-57.293350|-60.801744|-64.324948|-67.862315|-71.413197|-74.976946|-78.552914|-82.140454|
-20.084850|-17.509877|-14.858210|-12.134448|-9.343193|-6.489046|-3.576607|-1000|-3.671990|-6.876976|-10.103951|-13.352264|-16.621270|-19.910319|-23.218765|-26.545958|-29.891252|-33.253999|-36.633550|-40.029258|-43.440476|-46.866554|-50.306845|-53.760703|-57.227477|-60.706522|-64.197188|-67.698829|-71.210796|-74.732441|-78.263117|
-23.356714|-20.756165|-18.080817|-15.335271|-12.524129|-9.651990|-6.723455|-3.743127|-1000|-3.655929|-6.878986|-10.120841|-13.380847|-16.658357|-19.952721|-23.263293|-26.589425|-29.930468|-33.285776|-36.654699|-40.036590|-43.430802|-46.836687|-50.253596|-53.680882|-57.117897|-60.563993|-64.018523|-67.480838|-70.950290|-74.426233|
-26.663890|-24.036331|-21.335869|-18.567105|-15.734641|-12.843076|-9.897012|-6.901050|-3.859790|-1000|-3.651870|-6.889397|-10.142534|-13.410633|-16.693047|-19.989128|-23.298227|-26.619698|-29.952891|-33.297160|-36.651856|-40.016332|-43.389939|-46.772030|-50.161958|-53.559073|-56.962729|-60.372278|-63.787071|-67.206461|-70.629800|
-30.006380|-27.350376|-24.623366|-21.829950|-18.974730|-16.062305|-13.097277|-10.084247|-7.027815|-3.932583|-1000|-3.657931|-6.906330|-10.167149|-13.439743|-16.723462|-20.017660|-23.321687|-26.634897|-29.956641|-33.286272|-36.623141|-39.966602|-43.316006|-46.670705|-50.030051|-53.393397|-56.760095|-60.129496|-63.500954|-66.873820|
-33.384182|-30.698300|-27.943308|-25.123806|-22.244395|-19.309676|-16.324251|-13.292719|-10.219682|-7.109740|-3.967494|-1000|-3.672234|-6.927905|-10.192808|-13.466296|-16.747721|-20.036436|-23.331792|-26.633142|-29.939838|-33.251232|-36.566676|-39.885522|-43.207123|-46.530830|-49.855996|-53.181973|-56.508113|-59.833769|-63.158292|
-36.797297|-34.080103|-31.295694|-28.448672|-25.543637|-22.585191|-19.577933|-16.526465|-13.435388|-10.309303|-7.152810|-3.970510|-1000|-3.692899|-6.952242|-10.217630|-13.488413|-16.763945|-20.043578|-23.326664|-26.612555|-29.900603|-33.190161|-36.480579|-39.771212|-43.061411|-46.350527|-49.637914|-52.922922|-56.204906|-59.483216|
-40.245725|-37.495785|-34.680526|-31.804549|-28.872456|-25.888847|-22.858324|-19.785486|-16.674935|-13.531272|-10.359097|-7.163012|-3.947617|-1000|-3.718046|-6.977463|-10.239735|-13.504215|-16.770254|-20.037206|-23.304422|-26.571255|-29.837056|-33.101178|-36.362973|-39.621792|-42.876989|-46.127915|-49.373923|-52.614365|-55.848592|
-43.729466|-40.945345|-38.097802|-35.191437|-32.230852|-29.220647|-26.165423|-23.069782|-19.938323|-16.775648|-13.586357|-10.375052|-7.146334|-3.904802|-1000|-3.745795|-7.001686|-10.257244|-13.511821|-16.764769|-20.015440|-23.263187|-26.507362|-29.747317|-32.982404|-36.211975|-39.435383|-42.651979|-45.861116|-49.062146|-52.254421|
-47.248520|-44.428785|-41.547523|-38.609336|-35.618824|-32.580589|-29.499231|-26.379351|-23.225551|-20.042430|-16.834590|-13.606631|-10.363155|-7.108762|-3.848053|-1000|-3.774267|-7.023033|-10.268277|-13.509351|-16.745609|-19.976401|-23.201079|-26.418998|-29.629507|-32.831960|-36.025708|-39.210104|-42.384501|-45.548249|-48.700701|
-50.802887|-47.946103|-45.029688|-42.058245|-39.036373|-35.968674|-32.859748|-29.714196|-26.536619|-23.331618|-20.103794|-16.857748|-13.598080|-10.329391|-7.056283|-3.783355|-1000|-3.801582|-7.039623|-10.270954|-13.494927|-16.710894|-19.918207|-23.116219|-26.304281|-29.481746|-32.647965|-35.802291|-38.944077|-42.072674|-45.187434|
-54.392567|-51.497300|-48.544299|-45.538165|-42.483499|-39.384901|-36.246973|-33.074315|-29.871528|-26.643213|-23.393971|-20.128403|-16.851110|-13.566691|-10.279749|-6.994884|-3.716697|-1000|-3.825860|-7.049578|-10.263397|-13.466669|-16.658746|-19.838981|-23.006726|-26.161333|-29.302153|-32.428540|-35.539845|-38.635421|-41.714619|
-58.017559|-55.082376|-52.091354|-49.049096|-45.960201|-42.829271|-39.660906|-36.459708|-33.230277|-29.977215|-26.705121|-23.418597|-20.122243|-16.820661|-13.518452|-10.220215|-6.930553|-3.654065|-1000|-3.845221|-7.051016|-10.243724|-13.422696|-16.587285|-19.736842|-22.870721|-25.988273|-29.088850|-32.171805|-35.236490|-38.282257|
-61.677865|-58.701330|-55.670854|-52.591037|-49.466480|-46.301783|-43.101549|-39.870376|-36.612867|-33.333622|-30.037243|-26.728329|-23.411481|-20.091302|-16.772390|-13.459348|-10.156776|-6.869275|-3.601446|-1000|-3.857786|-7.042059|-10.210056|-13.361129|-16.494630|-19.609911|-22.706324|-25.783223|-28.839957|-31.875881|-34.890346|
-65.373483|-62.354164|-59.282799|-56.163989|-53.002335|-49.802439|-46.568899|-43.306319|-40.019297|-36.712436|-33.390337|-30.057599|-26.718824|-23.378612|-20.041565|-16.712283|-13.395368|-10.095420|-6.817039|-3.564827|-1000|-3.861676|-7.020827|-10.160514|-13.280088|-16.378902|-19.456307|-22.511656|-25.544301|-28.553594|-31.538888|
-69.104414|-66.040876|-62.927189|-59.767952|-56.567768|-53.331236|-50.062959|-46.767536|-43.449568|-40.113657|-36.764403|-33.406407|-30.044270|-26.682593|-23.325976|-19.979021|-16.646328|-13.332498|-10.042132|-6.779831|-3.550195|-1000|-3.855010|-6.985441|-10.093218|-13.177694|-16.238222|-19.274152|-22.284837|-25.269630|-28.227882|
-72.870658|-69.761467|-66.604023|-63.402926|-60.162777|-56.888177|-53.583727|-50.254027|-46.903679|-43.537284|-40.159442|-36.774754|-33.387821|-30.003244|-26.625623|-23.259560|-19.909655|-16.580510|-13.276724|-10.002900|-6.763637|-3.563537|-1000|-3.835908|-6.934019|-10.006288|-13.052067|-16.070709|-19.061565|-22.023987|-24.957328|
-76.672216|-73.515938|-70.313302|-67.068910|-63.787362|-60.473260|-57.131203|-53.765793|-50.381631|-46.983317|-43.575453|-40.162639|-36.749476|-33.340565|-29.940506|-26.553901|-23.185351|-19.839456|-16.520817|-13.234035|-9.983711|-6.774445|-3.610839|-1000|-3.802491|-6.864683|-9.897845|-12.901328|-15.874484|-18.816666|-21.727226|
-80.509085|-77.304286|-74.055026|-70.765905|-67.441525|-64.086485|-60.705388|-57.302834|-53.883423|-50.451757|-47.012436|-43.570062|-40.129235|-36.694556|-33.270625|-29.862045|-26.473414|-23.109336|-19.774409|-16.473236|-13.210416|-9.990551|-6.818242|-3.698089|-1000|-3.752880|-6.775554|-9.766008|-12.723595|-15.647667|-18.537577|
-84.381268|-81.126514|-77.829195|-74.493911|-71.125264|-67.727854|-64.306282|-60.865149|-57.409056|-53.942603|-50.470392|-46.997024|-43.527098|-40.065217|-36.615981|-33.183990|-29.773846|-26.390150|-23.037501|-19.720502|-16.443753|-13.211855|-10.029409|-6.901015|-3.831274|-1000|-3.685194|-6.664750|-9.608898|-12.516991|-15.388379|
-88.288764|-84.982621|-81.635808|-78.252928|-74.838579|-71.397365|-67.933884|-64.452738|-60.958529|-57.455856|-53.949320|-50.443524|-46.943066|-43.452549|-39.976572|-36.519738|-33.086646|-29.681898|-26.310094|-22.975835|-19.683722|-16.438357|-13.244339|-10.106270|-7.028750|-4.016380|-1000|-3.597554|-6.530393|-9.424636|-12.279634|
-92.231573|-88.872606|-85.474867|-82.042955|-78.581472|-75.095018|-71.588195|-68.065602|-64.531842|-60.991515|-57.449221|-53.909562|-50.377138|-46.856550|-43.352400|-39.869287|-36.411814|-32.984579|-29.592186|-26.239233|-22.930323|-19.670056|-16.463033|-13.313854|-10.227121|-7.207435|-4.259395|-1000|-3.488080|-6.370603|-9.211341|
-96.209694|-92.796470|-89.346370|-85.863993|-82.353941|-78.820814|-75.269214|-71.703741|-68.128996|-64.549580|-60.970094|-57.395138|-53.829314|-50.277222|-46.743464|-43.232639|-39.749349|-36.298195|-32.883778|-29.510698|-26.183556|-22.906953|-19.685490|-16.523769|-13.426388|-10.397950|-7.443056|-4.566306|-1000|-3.354893|-6.183501|
-100.223129|-96.754214|-93.250318|-89.716042|-86.155987|-82.574753|-78.976942|-75.367154|-71.749990|-68.130052|-64.511939|-60.900253|-57.299595|-53.714564|-50.149764|-46.609793|-43.099253|-39.622745|-36.184870|-32.790228|-29.443420|-26.149048|-22.911712|-19.736012|-16.626551|-13.587928|-10.624744|-7.741601|-4.943098|-1000|-3.196112|
-104.271876|-100.745836|-97.186710|-93.599101|-89.987609|-86.356834|-82.711378|-79.055842|-75.394825|-71.732930|-68.074757|-64.424906|-60.787979|-57.168577|-53.571300|-50.000749|-46.461525|-42.958229|-39.495462|-36.077824|-32.709917|-29.396341|-26.141697|-22.950586|-19.827609|-16.777367|-13.804460|-10.913489|-8.109056|-5.395761|-1000|
