-1000|-2.121599|-4.163392|-6.205184|-8.246978|-10.288774|-12.330578|-14.372398|-16.414246|-18.456147|-20.498139|-22.540279|-24.582654|-26.625389|-28.668648|-30.712636|-32.757565|-34.803585|-36.850617|-38.898024|-40.943994|-42.984454|-45.011245|-47.009261|-48.952424|-50.799110|-52.489354|-53.948446|-55.100870|-55.890040|-56.288629|
-0.684906|-1000|-2.527182|-4.568974|-6.610768|-8.652564|-10.694368|-12.736188|-14.778036|-16.819937|-18.861928|-20.904068|-22.946444|-24.989179|-27.032438|-29.076426|-31.121355|-33.167375|-35.214407|-37.261814|-39.307784|-41.348244|-43.375035|-45.373051|-47.316214|-49.162900|-50.853144|-52.312236|-53.464659|-54.253830|-54.652419|
-1.397821|-1.206667|-1000|-2.597960|-4.639753|-6.681550|-8.723354|-10.765173|-12.807022|-14.848923|-16.890914|-18.933054|-20.975430|-23.018164|-25.061424|-27.105411|-29.150340|-31.196361|-33.243393|-35.290799|-37.336769|-39.377230|-41.404021|-43.402036|-45.345200|-47.191886|-48.882129|-50.341222|-51.493645|-52.282816|-52.681405|
-2.467227|-2.276073|-1.625574|-1000|-2.662029|-4.703826|-6.745630|-8.787449|-10.829297|-12.871199|-14.913190|-16.955330|-18.997705|-21.040440|-23.083700|-25.127687|-27.172616|-29.218636|-31.265668|-33.313075|-35.359045|-37.399505|-39.426297|-41.424312|-43.367475|-45.214162|-46.904405|-48.363498|-49.515921|-50.305092|-50.703680|
-3.840044|-3.648891|-2.998391|-1.993053|-1000|-2.715570|-4.757374|-6.799193|-8.841042|-10.882943|-12.924934|-14.967074|-17.009450|-19.052184|-21.095444|-23.139431|-25.184360|-27.230381|-29.277413|-31.324819|-33.370789|-35.411250|-37.438041|-39.436056|-41.379220|-43.225906|-44.916149|-46.375242|-47.527665|-48.316836|-48.715425|
-5.453967|-5.262814|-4.612314|-3.606976|-2.287696|-1000|-2.756077|-4.797897|-6.839745|-8.881646|-10.923637|-12.965777|-15.008153|-17.050888|-19.094147|-21.138135|-23.183064|-25.229084|-27.276116|-29.323523|-31.369493|-33.409953|-35.436744|-37.434760|-39.377923|-41.224609|-42.914853|-44.373945|-45.526368|-46.315539|-46.714128|
-7.241402|-7.050248|-6.399749|-5.394411|-4.075131|-2.501708|-1000|-2.783879|-4.825728|-6.867629|-8.909620|-10.951760|-12.994136|-15.036870|-17.080130|-19.124117|-21.169046|-23.215067|-25.262099|-27.309505|-29.355475|-31.395936|-33.422727|-35.420742|-37.363906|-39.210592|-40.900835|-42.359928|-43.512351|-44.301522|-44.700111|
-9.142885|-8.951731|-8.301232|-7.295894|-5.976614|-4.403191|-2.674473|-1000|-2.801405|-4.843306|-6.885297|-8.927437|-10.969813|-13.012547|-15.055807|-17.099795|-19.144723|-21.190744|-23.237776|-25.285182|-27.331152|-29.371613|-31.398404|-33.396419|-35.339583|-37.186269|-38.876512|-40.335605|-41.488028|-42.277199|-42.675788|
-11.113672|-10.922519|-10.272019|-9.266681|-7.947401|-6.397358|-4.691915|-2.770398|-1000|-2.811680|-4.853672|-6.895811|-8.938187|-10.980922|-13.024181|-15.068169|-17.113098|-19.159118|-21.206150|-23.253557|-25.299527|-27.339987|-29.366778|-31.364794|-33.307957|-35.154643|-36.844887|-38.303979|-39.456402|-40.245573|-40.644162|
-13.123690|-12.932536|-12.282036|-11.276698|-9.957419|-8.421130|-6.715687|-4.794170|-2.783012|-1000|-2.817333|-4.859473|-6.901848|-8.944583|-10.987843|-13.031830|-15.076759|-17.122779|-19.169812|-21.217218|-23.263188|-25.303649|-27.330440|-29.328455|-31.271618|-33.118305|-34.808548|-36.267641|-37.420064|-38.209235|-38.607824|
-15.154341|-14.963187|-14.312688|-13.307350|-11.988070|-10.424702|-8.719259|-6.797742|-4.810448|-2.805993|-1000|-2.820277|-4.862653|-6.905387|-8.948647|-10.992635|-13.037564|-15.083584|-17.130616|-19.178022|-21.223992|-23.264453|-25.291244|-27.289259|-29.232423|-31.079109|-32.769353|-34.228445|-35.380868|-36.170039|-36.568628|
-17.194879|-17.003725|-16.353226|-15.347888|-14.028608|-12.455185|-10.697459|-8.811550|-6.850986|-4.846531|-2.818675|-1000|-2.821774|-4.864509|-6.907769|-8.951756|-10.996685|-13.042705|-15.089737|-17.137144|-19.183114|-21.223575|-23.250366|-25.248381|-27.191544|-29.038231|-30.728474|-32.187567|-33.339990|-34.129161|-34.527749|
-19.239481|-19.048327|-18.397828|-17.392490|-16.073210|-14.499787|-12.740139|-10.856152|-8.895588|-6.891133|-4.863277|-2.824001|-1000|-2.822610|-4.865869|-6.909857|-8.954786|-11.000806|-13.047838|-15.095245|-17.141215|-19.181675|-21.208466|-23.206482|-25.149645|-26.996331|-28.686575|-30.145667|-31.298090|-32.087261|-32.485850|
-21.285222|-21.094069|-20.443569|-19.438231|-18.118951|-16.545528|-14.785880|-12.901894|-10.941329|-8.936874|-6.909019|-4.869742|-2.825616|-1000|-2.823256|-4.867243|-6.912172|-8.958192|-11.005224|-13.052631|-15.098601|-17.139062|-19.165853|-21.163868|-23.107031|-24.953718|-26.643961|-28.103054|-29.255477|-30.044648|-30.443237|
-23.330792|-23.139638|-22.489138|-21.483800|-20.164521|-18.591098|-16.831449|-14.947463|-12.986898|-10.982444|-8.954588|-6.915311|-4.871186|-2.825565|-1000|-2.823986|-4.868915|-6.914935|-8.961967|-11.009374|-13.055344|-15.095804|-17.122595|-19.120610|-21.063774|-22.910460|-24.600704|-26.059796|-27.212219|-28.001390|-28.399979|
-25.375718|-25.184565|-24.534065|-23.528727|-22.209448|-20.636024|-18.876376|-16.992390|-15.031825|-13.027371|-10.999515|-8.960238|-6.916112|-4.870492|-2.824925|-1000|-2.824930|-4.870951|-6.917983|-8.965389|-11.011359|-13.051820|-15.078611|-17.076626|-19.019790|-20.866476|-22.556719|-24.015812|-25.168235|-25.957406|-26.355995|
-27.419930|-27.228777|-26.578277|-25.572939|-24.253660|-22.680236|-20.920588|-19.036602|-17.076037|-15.071583|-13.043727|-11.004450|-8.960324|-6.914704|-4.869137|-2.824213|-1000|-2.826077|-4.873109|-6.920515|-8.966485|-11.006946|-13.033737|-15.031752|-16.974916|-18.821602|-20.511845|-21.970938|-23.123361|-23.912532|-24.311121|
-29.463506|-29.272352|-28.621853|-27.616514|-26.297235|-24.723812|-22.964163|-21.080177|-19.119612|-17.115158|-15.087302|-13.048025|-11.003900|-8.958280|-6.912712|-4.867789|-2.823632|-1000|-2.827195|-4.874601|-6.920571|-8.961032|-10.987823|-12.985838|-14.929001|-16.775688|-18.465931|-19.925024|-21.077447|-21.866618|-22.265207|
-31.506532|-31.315379|-30.664879|-29.659541|-28.340261|-26.766838|-25.007190|-23.123204|-21.162639|-19.158184|-17.130329|-15.091052|-13.046926|-11.001306|-8.955739|-6.910815|-4.866658|-2.823189|-1000|-2.827670|-4.873640|-6.914100|-8.940892|-10.938907|-12.882070|-14.736029|-16.442939|-17.878093|-19.030516|-19.819686|-20.218275|
-33.549015|-33.357861|-32.707362|-31.702024|-30.382744|-28.809321|-27.049673|-25.165686|-23.205122|-21.200667|-19.172811|-17.133535|-15.089409|-13.043789|-10.998222|-8.953298|-6.909141|-4.865672|-2.822746|-1000|-2.826189|-4.866649|-6.893440|-8.891456|-10.834619|-12.793853|-14.500763|-15.830641|-16.983064|-17.772235|-18.170824|
-35.590791|-35.399637|-34.749137|-33.743799|-32.424520|-30.851096|-29.091448|-27.207462|-25.246897|-23.242443|-21.214587|-19.175310|-17.131184|-15.085564|-13.039997|-10.995074|-8.950917|-6.907447|-4.864522|-2.821994|-1000|-2.820203|-4.846994|-6.845009|-8.874856|-10.834249|-12.541159|-13.806860|-14.936618|-15.725789|-16.124377|
-37.631414|-37.440260|-36.789761|-35.784423|-34.465143|-32.891720|-31.132072|-29.248085|-27.287521|-25.283066|-23.255211|-21.215934|-19.171808|-17.126188|-15.080621|-13.035697|-10.991540|-8.948071|-6.905145|-4.862618|-2.820366|-1000|-2.805088|-4.837096|-6.888738|-8.848131|-10.555041|-11.820741|-12.894712|-13.683882|-14.082471|
-39.670001|-39.478848|-38.828348|-37.823010|-36.503730|-34.930307|-33.170659|-31.286673|-29.326108|-27.321653|-25.293798|-23.254521|-21.210395|-19.164775|-17.119208|-15.074284|-13.030127|-10.986658|-8.943732|-6.901205|-4.858953|-2.816884|-1000|-2.817236|-4.868877|-6.828270|-8.535180|-9.800880|-10.864555|-11.653725|-12.052314|
-41.705012|-41.513858|-40.863359|-39.858021|-38.538741|-36.965318|-35.205670|-33.321683|-31.361119|-29.356664|-27.328808|-25.289532|-23.245406|-21.199786|-19.154219|-17.109295|-15.065138|-13.021669|-10.978743|-8.936215|-6.893963|-4.851894|-2.809941|-1000|-2.817458|-4.776851|-6.483761|-7.749461|-8.859668|-9.648839|-10.047428|
-43.734040|-43.542886|-42.892387|-41.887049|-40.567769|-38.994346|-37.234698|-35.350711|-33.390147|-31.385692|-29.357836|-27.318560|-25.274434|-23.228814|-21.183246|-19.138323|-17.094166|-15.050697|-13.007771|-10.965243|-8.922991|-6.880922|-4.838969|-2.797088|-1000|-2.720537|-4.427447|-5.751270|-6.903693|-7.692864|-8.091453|
-45.753805|-45.562651|-44.912152|-43.906814|-42.587534|-41.014111|-39.254463|-37.370476|-35.409912|-33.405457|-31.377601|-29.338325|-27.294199|-25.248579|-23.203012|-21.158088|-19.113931|-17.070462|-15.027536|-12.985008|-10.942756|-8.900687|-6.858734|-4.816853|-2.775013|-1000|-2.441863|-3.882533|-5.034956|-5.824127|-6.222716|
-47.760763|-47.569609|-46.919110|-45.913772|-44.594492|-43.021069|-41.261421|-39.377434|-37.416870|-35.412415|-33.384560|-31.345283|-29.301157|-27.255537|-25.209970|-23.165046|-21.120889|-19.077420|-17.034494|-14.991967|-12.949715|-10.907645|-8.865692|-6.823811|-4.781971|-2.740155|-1000|-2.157445|-3.309868|-4.099038|-4.497627|
-49.752713|-49.561559|-48.911060|-47.905722|-46.586442|-45.013019|-43.253371|-41.369384|-39.408820|-37.404365|-35.376509|-33.337233|-31.293107|-29.247487|-27.201920|-25.156996|-23.112839|-21.069370|-19.026444|-16.983916|-14.941665|-12.899595|-10.857642|-8.815761|-6.773921|-4.732105|-2.690302|-1000|-1.800928|-2.590098|-2.988687|
-51.730817|-51.539663|-50.889164|-49.883826|-48.564546|-46.991123|-45.231475|-43.347488|-41.386924|-39.382469|-37.354613|-35.315337|-33.271211|-31.225591|-29.180023|-27.135100|-25.090943|-23.047474|-21.004548|-18.962020|-16.919768|-14.877699|-12.835746|-10.793865|-8.752025|-6.710209|-4.668406|-2.626608|-1000|-1.373985|-1.772574|
-53.699854|-53.508700|-52.858201|-51.852863|-50.533583|-48.960160|-47.200512|-45.316525|-43.355961|-41.351506|-39.323650|-37.284374|-35.240248|-33.194628|-31.149061|-29.104137|-27.059980|-25.016511|-22.973585|-20.931058|-18.888806|-16.846736|-14.804783|-12.762902|-10.721062|-8.679246|-6.637443|-4.595646|-2.553851|-1000|-0.910647|
-55.665302|-55.474149|-54.823649|-53.818311|-52.499031|-50.925608|-49.165960|-47.281974|-45.321409|-43.316954|-41.289099|-39.249822|-37.205696|-35.160076|-33.114509|-31.069585|-29.025428|-26.981959|-24.939033|-22.896506|-20.854254|-18.812185|-16.770232|-14.728350|-12.686510|-10.644694|-8.602891|-6.561094|-4.519299|-2.477506|-1000|
